0000010000001000
0001100000010111
0000100000011000
0001100000000001
0001100000011111
0000100000011001
0001100000000001
0001100000011111
0000100000011010
0001100000000001
0001100000011111
0000100000011011
0001100000000001
0001100000011111
0000100000011100
0001100000000001
0001100000011111
0000100000011101
0000010000001000
0001000000011100
0001000000011100
1010011100011000
0000100011010001
1010010111010001
0000011100001000
0001101100010101
0000101111010010
0000011000001000
1111010000000000
1111100000000001
0000010100001000
0001100100001010
0101100001000000
1010011100011010
0011001111001101
0001110000011000
0001110000011000
1010011100011000
0000100011011011
0000010000001000
0001100000001010
0101001000000000
0001001011011011
1010011100011001
0011010011011100
0000101001000000
1010011100011000
1010100111011011
0000010011011011
0001100000000001
0000100011011011
1010011100011000
1010010111011011
1010011100011001
0100001111011011
1010011100011000
0000010011010001
0000100011011011
0001000011010010
0000100011011100
0000011111010010
0001111100000001
0000101011011101
1010011100011000
0000010011111011
0001010011011101
0000100011111100
0000010000001000
0001100000000001
1010011000011000
0001000010011011
0000100010011011
0000010000001000
0001100000000001
0001000010011100
0000100010011100
1010011100011010
0100001111011111
1010011000011000
1010100110011011
0000010110011011
0000010010111011
0000100010010011
0000011110010010
0001111100000010
0000011000001000
0001101000000001
1010011000011000
0001001010011011
0000101010011011
0000010010010011
0001010010111011
1010011100011100
0011000111000001
0000010110011011
0000010010111011
0000100010010011
1010011100011011
0100001111010101
1010011000011000
0001010110010010
0000100110011011
0000011010111011
0000010000001000
0001100000011111
0001100000011111
0001100000010000
1111100000000001
0001100000010111
1111100000000001
0001110000000100
1111100000000001
0001100000010001
1111100000000001
0001110000001101
1111100000000001
0001100000001110
1111100000000001
1010011000011000
1010011000011000
0001100000000001
1111100000000001
0001110000011111
0001110000011011
1111100000000001
0000010000001000
0001100000011111
0001100000011111
0001100000011111
0001100000000111
1010011000011000
0000100010011011
1010011010011011
1010011100011000
0000010011010001
1010011100011000
0001000011010010
0001000011010010
0000100011010100
0000100011010101
0000010100010010
0001100100001010
0101011001000000
1010011100011000
0000101111110100
0000010000001000
0001100000000001
0001000011010100
0000100011010100
1010011100011101
0010111011001110
1010011100011000
0001010011010101
1010011100011000
0000011011010100
0001111000000001
1010011100011000
0000101011010100
0000011011110100
0001101000011111
0001101000010001
1111101000000001
1010011100011101
0100000011011001